8 ‘nm wmn Ano cunum· canu-e.

 

 

DOLPHIN.
Date. Lmliqnjde’ Longivnffde’ Ξξῖἓ· Time. ξ Fathom Drift. {232⁴} Avemge rate per minute.
1851. 0 ¹ ν’ 0 ν ¹¹ 0 ιι m. s fatu. fatu. sacham.

mmmmm 500 fm.3d 500 fin.

m· S. m. 8. m. 8.

Nov. 24 25 59 52 37 44 30 41 15 2 1720 10 21 ι 11 22 13 35
“ 30 23 42 00 23 40 35 54 12 1 2180 40.2 3>
“ 30 23 41 12 32 40 29 59 10 2 2210 36.3 4
Dec. 1 23 10 44 32 26 44 1 04 2 2200 36 Ξ
α 7 20 2 44 25 26 28 7 55 1 1970· 29 vg
“ 7 18 19 26 25 5 58 41 06 2 1675 40.7 3
‘ 10 18 24 54 23 48 02 35 58 2 1612 44.7 ὅ
11 17 34 51 22 51 28 28 22 2 1370 48.2 9,·
‘ 13 16 31 42 20 53 37 44 26 2 1941 45.6 ἓ.
‘ 14 16 30 46 20 43 58 59 59 l 1875* 31.2 g
15 16 59 37 21 32 39 35 21 2 1580 4437 g
‘ 16 15 23 57 22 6 07 14 07 2 1220 50.6 ..g
“ 16 15 9 17 22 22 07 25 44 1 1380 5317 a
‘ 17 15 7 40 22 49 23 30 06 1 1120* 37.2 Β
‘ 17 15 2 57 23 2 23 14 09 2 790 56 5

PLYMOUTH.

2

37 28 00
34 11 00

34 40 00
32 13 00
27 29 00
28 27 00

25 55 00
24 15 00
16 20 00
13 29 00
11 38 00

513200
43 2100

69 20 00
69 22 00
73 20 00
73 27 00

79 46 00
65 38 00
65 21 00
65 22 00
65 51 00

5500
2800
2200

1760 5200

440 2150

 

 

 

 

 

 

1851. Ξ
Dee. 31 21 19 00 38 10 00 2 44 00 il 4700 None. 4700 28.6

⁸’Probably the sea is not εο deep where these casta were made. See the 21οΨ rate of deecent. There was but one ahot used on
thece oceanique. Could that have made the difference? M. F. M.

