ι330 ‘rm-3 wmn Am) column-r cauus,

N EW YORK‘ ΤΟ EUROPE--APRIL-

 

 

 

 

 

 

 

 

 

 

 

 

 

 

 

 

DISTANCES· wlNDS; PER CENT.
Latitude. Longitude. Com-ses. *au raon Ι Νῖῗίἕιι)-
Head. Fm calm sssssss
N’d S’d.
400271 · 74000'to Ι ,
40 27 70 00 Ε. · 9.2 3.0 9.6ω 11.4 780 7.1 180
42 00 65 0οα Ε. Ν. Ε. 23 3.2 8316 1111 77.4 25Ι 161
42 00 ’60 00 , Ε. 2.7 5.2 7.8w 91 77.9 78 88
43 31 55 00 2 Ε. Ν. Ε. 7.9 2.4 841 5.7 855 41 126
45 00 50 00 ῑ Ε. Ν. Ε. 5.0 0.0 w 99120 72 829 ·10.1 120
46 21 45 0011 ΐ Ε. Ν. Ε. 33 0.0 0.οἱ 83 91.7 0.0 12
46 27 40 00 ξ Ε. 86 0.οω 5610 185 780 561 19
46 27 35 00 3 Ε. 5.5 25 5.0 0.0 925 7.6 42
46 27 30 00 Ε. , 0.1 0.0 8.8w 20.9 703 5.5 92
47 52 25 00 Ε. Ν. Ε. . 5.2 11816 1831 687 7.4{ 145
49 14 20 0011 Ε. Ν. Ε. · 4.2 8711, 109 782 59, 125
49 14 15 00 Ε. 86 w 13.2 36 796 7.5ἰ 86
49 14 10 00 ψ Ε. 1.1 1.1ιο 7.7 981 0.0Δ 89
49' 30 f 5 00 ¹ Ε. 1Ν. 5.5 11.οω 380 585 5.6 12 ‘rochanneh
50 00 13 06 Ε. Ν. Ε. · 1.1 4.4 55 89.0 0.0 89 Ῥο
0290 clear 10 00 Ε N. E. 0.0 36 36 928 0.0 80}1,iverp001.
NEW YORK ΤΟ EUROPE—MAY.
ms‘rANCES. wlNDS; PER CENT.'

Latitude. Longitude. Coun-se.

    

 

 

 

 

 

Sandy Hook to
40027' 74000'

 

 

 

 

42 00 70 00 Ε. 4 . 185 211 > 5.4 9.1 7.7 778 4,0 235
-41 34 65 00 Ε. . .. 246 10 2 271 2.7 11.0 Ι 88 79.5 7.3 281
43 06 60 00 Ε. . . 10.4 265 1.2 182 Ι 7.8 628 3.9 189
44 36 55 00 Ε. . . 88 254 1.2 4 3 , 110 885 3.0 170
44 36 50 00 11.5 238 3.9 85 · 85 79.1 3.9 160
44 36 45 00 7.3 229 22 7.6 80 842 48 195
44 36 40 00 56 226 1.1 68 5.1 87.0 2.9 180
45 00 35 00 43 224 0.0 5.3 10.1 846 1.5 136
45 00 30 00 48 222 (1.7 Ι 78 Ι 43 872 48 132ι
45 00 25 00 51 223 08 84 4.0 888 5.6 131
48 25 20 00 9.6 318 3.0 9.0 9.0 790 80 137
48 25 15 00 11.5 220 2.9 10.9 102 780 36 142
48 25 , 10 00 16.8 231 48 2ι.6 10.4 632 32 129 -

To Channel. 16.8 245 28 11.3 336 523 5.5 38,

3377

50 ,16 15 00 16 4 246 8 7 8 7 758 3 6 142

To Lis-erpool. 10 00 14 Ο 221 4 4 13 2 79.1 l l 96

 

