nouus ‘ro aun raon nonore. 337

EUROPE TO NEW YORK—AUGUST.

       
    

   

DISTANCES. W1NDS; PER CENT.

 

 

 

 

      

   
     
     

     

    

  

 

  
 

3244

48 20 , 10 00 W. 8. W. 5.6 664 0.0 36
44 55 ι 15 00 8. W. 291 224 ‘- 2 60.8 32 130
43 25 : 20 00 w. 8. W. 234 14.9 269 62 81.4 62 17
41 54 ¹ 25 00 W. 8. W. 238 15.6· 275 1.7 58.5 0.0 60
41 54 ¹ 30 00 W. 223 16.8 260 5.8 71.0 29 35
41 54 35 00 W. 223 21.4 270 6.0 57.0 1.9 106
41 54 40 00 W. 223 18.6 4.8 624 4.7 133
41 54 45 00 W. 223 18.1 5.6 65.0 5.0 147
41 54 50 00 W. 223 16.3 7.8 80.8 3.7 166
40 20 Ῑ 55 00 W. 8. W. 244 17.9 3.5 60.0 6.5 213
38 44 60 00 W. 8. w. 250 227 . 6.6 60.4 79 3 164
40 20 V 65 00 w. N. W. 250 10.8 2.0 735 4.3 193
40 20 ξ 70 00 W. 229 19.0 7.5 66.7 6.3 336
40 20 t 74 00 W. 183 163 7.0 72.5 6.0 194

 

EUROPE ΤΟ NEW YORK-SEPTEMBER.

           
      

    

Ι 'i DISTANCE. 1 WINDS; PER. CENT.

 

 

 

 

 

 

 

 

 

Latitude. Longitude. ¹ Come. . observ
ι True. perecut.*Average. neae. North. 80:115. mr. ‘³⁰¹²‘
49030‘ 500010 ·
46 09 10 00 Ῐ 8. W. 284 3.0 292 0.0 10.0 0.0 90.0 0.0 20
45 00 11 38 8. W. 98 13.3 111 1.8 19.8 12.6 658 1.8 57
44 00 15 00 W. 8. W. 155 3.6 160 0.0 0.0 18.0 820 0.0 17
44 00 20 00 ⁴ W. 216 7.7 231 0.0 22.0 5.5 725 0.0 18
40 18 25 00 α 1 8. W. 314 6.2 333 0.0 7.7 7.7 84.6 7.7 14
40 18 30 00 W. 229 19.6 274 6.8 187Ι 102 643 7.0 62
40 18 33 00 W. 143 6.8 152 1.3 8.8 7.5 83.4 ·
39 42 35 00 α W. 8. W. 94 14.0 107 62 26,- 11.3 ι 79.9 ¹ 8³² ; 87
39 42 40 00 W. 230 1521 265 44 132 132 f 69.2 0.0 . 95
39 42 '. 45 00 W. 330 Ι 142, 263 ¹ 32 801 20.8 ῑ 68.0 7.7 139
39 42 50 00 W. 230 16.7 269 6.3 3.5 16.8 73.4 5.1 145
39 42 ἱ 55 00 W. 230 ἰ 1391. 262 ¹ 5.6 63¹ 10.5 Ι 77.6 3.6 ² 144
40 39 ζ 58 00 w N. w. 149 ι 161, 173 Ι 4.4 1 108* 16.0 Ῑ 68.8 4.0 ³ 148
38 45 65 00 d W 8. W. 349 14.0 3381 3.5 10.5Ι 16.1 Ι 699 3.4 154
40 20 ἶ 70 00 W N. W. 250 “ 1911 298 6.5 9.5 16.5 , 67.5 5.4 194
W. 6.3 5.4 20.7 Ι 67.6 4.5 115

 

