332 rm: wmn axo conaem- cumn.

NEW YORK TO EUROPE—AUGUST.

   
    
  
    
    
     

DISTANCES. WINDS; PER CENT.

 

 

 

 

 

 

 

 

 

 

 

 

 

 

 

Latitude. {Longitude.! C rs — 13:³23)-

Ι , . *Pena Ct. True. Head. ἒ North. ΙΙ south. Fair. Calms. serv u

ἱ

40027‘ «1ιι 74000‘10!
40 00 ξ 70 00 ¹ E. 4 S. 130 209 30 95 180 695. 6.0 194
39 12 d· 67 30 ἶΕ. s. E. · 8.7 135 31 2.9 197 83.3
39 12 65 00 l E. 0 6.6 123 1.6 17.0 7.1 74.3 }3·⁶ 229
39 12 62 30 Ι Ε. ¹ 80 125 30 6.5 55 850 4 3 193
40 00 · 60 00 Ε. N. E. · 2 7.6 134 2.0 95 50 835 ·
41 34 Ι 55 00 1Ε. Ν. Ε. . 7.1 263 7.1 7.0 8.4 77.5 6.8 157
43 06 50 00 113. N. E. 241 11.1 268 30 55 11.0 795 6.5 213
44 36 ' 45 00 111. Ν. Ε. 235 143 Ι 268 48 120 126 796 37 166
45 00 . 44 26 Ν. Ε. 94 37 28 4.5 112 81.5 5 0 147
48 08 40 00 N. Ε. 7. 279 0.0 11.4 126 76.0 7 9 123
48 00 35 00 Ε. 82 217 94 72 72 832 94 129
48 00 30 00 E. 3.0 217 30 4.0 5 0 88.0 2.9 106
43 00 25 00 Ε. 30 207 0.0 50 6.0 890 1.] 92
4300 20 00 Ε. 84 218 30 90 1.5 335 7 8 Ι 69
48 00 15 00 Ε. 3 0 207 0.0 80 2.0 90.0 4 2 100
49 22 10 00 .Ε. 37 221 0.3 11.2 0 0 880 3 2 130 1Liverp001
49 30 5 00 Ε. 50 205 -0.0 5.1 8 4 36.0 0 0 36 'channet

 

 

 

———

 

 

 

 

Latitude. Longitude. Com-se.

 

——————————-—-—

 

 

⁸ True. Per Ct. Ant-aga! Head. North. South. Fuit. calma. ⁸⁸⁸⁸⁸⁸⁸
40027' 74000't0

 

 

 

40 00 . 72 35 Ε. 8. Ε. 71 54 75 0.0 99 5.4 84.7

40 49 70 00 Ε. N. Ε. 128 153 147 0.9 306 90 595 4·5 ¹¹5

40 49 65 00 Ε. 227 10.4 250 4.2 90 36 832 53 178

40 49 60 00 Ε. 227 155 261 6.3 13.3 4.9 755 53 159

42 22 55 00 Ε. N. Ε. 243 56 256 00 138 54 802 37 167

42 22 50 00 Ε. 222 16.3 257 6 0 14.4 96 70.0 62 172

43 53 45 00 Ε. Ν. Ε. 237 150 272 4.9 112 14.0 699 58 147

45 22 40 00 Ε. Ν. Ε. 232 98 255 42 8.4 42 832 22 138

46 48 35 00 Ε. N. Ε. 225 89 245 2.6 9.1 7.3 305 1.3 73

43 12 30 00 Ε. Ν. Ε. 220 4.7 229 12 6.3 51 87.4 62 85 t:
49 35 25 00 Ε. Ν. Ε. 213 42 222 0.0 90 50 850 3.0 109 ξ
49 35 20 00 Ε. 192 122 216 36 11.7 153 694 0.9 111 τι
50 33 15 00 Ε. by N. 201 7.6, 216 1.8 36 192 754 1.8 64 ἕ,
50 33 10 00 Ε. 191 128 213 33 7.7 17.6 71.4 1.0 96

2830 3114 ·

45 22 35 00 Ε. 211 99 232 3 9 52 6.5 84.4 1.3 78

45 22 30 00 Ε. 211 53 222 1 3 2.5 8.8 87.4 62 85 ᾖ
46 48 25 00 Ε. Ν. Ε. 225 42 234 00 90 50 86.0 30 109 0
46 43 20 00 Ε. 205 122 230 3 6 11.7 90 757 0.9 111 ξς·
48 12 15 00 Ε. Ν. Ε. 220 11.4 245 3 6 2.4 96 844 12 81 g
43 12 10 00 Ε. 200 14.8 230 36 21.6 54 694 1.8 57 52.
49 34 5 00 Ε. Ν. Ε. 213 150 245 0 0 10.0 40.0 50.0 0.0 20

