m-:ssP SEA SOUNDINGS.

 

 

 

 

 

 

 

 

 

 

 

 

 

ALBANY.
Ξ ι
Dat Latssffde’ Lonvgsspde’ 3ξῖἓὲ Time. ξ Fathoms. Drist. 1323qu
{*—.
1851. 0 ‘ '¹ 0 ’ ¹1 0 ιι. m. s. fath. fath.
April 19 23 21 00 82 44 00 16 48 1 ω 995
«ι 21 25 19 00 83 41 00 1 52
κ 22 26 43 00 84 41 00 1 137
α 23 29 12 00 86 1 00 1 152
June 13 27 0 00 85 43 00 27 31 1 1327 206 1310
«ι 14 27 55 00 85 44 00 1 376
“ 14 28 27001855400 208 1 220
Dec 2 24 25 00 Ι 83 23 00 80 23 29 1 1531 300 1502
«ι 10 27 4 00 · 79 44 00 80 4 51 380 380
. «ι 11 27 16 00 1 79 49 00 79 3 24 274 274
‘⁶ 11 27 16 00 , 79 49 00 79 3 24 284 284
«ι 11 27 55 00 2 79 45 00 79 5 47 , 440 440
«ι 11 27 51 00 Ι 79 9 00 76 11 49 ι. 670 170 647
κ 11 27 34 00 77 54 00 76 9 38 1 631 631
‘⁴ 12 27 19 00 77 18 00 76 · 10 22 1 690 690
τι 12 27 10 00 76 59 00 76 24 29 1 1180 1180
‘⁶ 13 ‚ 27 10 00 75 6 00 76 43 13 1 1916 620 1806
‘⁴ 14 26 31 00 74 10 00 76 37 41 ι. 1591 1591
⁸ 14 26 28 00 73 50 00 76 52 4 ι. 1874 575 1778
‘ 15 25 30 00 72 7 00 76 1 12 57 1 4396 1435 4100
ι 16 24 48 00 Ι 70 22 00 79 48 7 1 2100 675 1893
⁴ 17 24 41 00 1 69 39 00 80 1 26 36 ι. 3600 250
⁴ 19 22 40 00 ι 69 0 00 80 79 50 1 2990 1170 2762
Jan. 9 9 44 00 81 1 00 81 32 29 1690 350 1650
Feb. 15 11 23 00 . 79 36 00 82 47 29 1 2397 689 2290
«ι 16 12 25 00 1 78 22 00 80 51 41 1 2440 762 2320
JAMESTOWN.
1851. 1 1
June 3 36 43 00 74 10 00 1 1500 No bottom.
u 4 36 33 00 73 0 00 77 2100 Ι 1900
5 37 6 00 68 2 00 68 3000
7 38 13 00 62 32 00 · 3700
12 38 50 00 45 33 00 - 67 2000
13 38 50 00 43 49 00 70 1600
18 37 50 00 32 7 ¹00 2000
20 1 1800 No bottsom. 1
21 2000 Ι
23 36 0 00 · 27 20 00 Ι 4000 Ι
24 35 6 30 26 52 40 1 · ΙΝΟ b·⁰“⁰¹¹³·

²⁰⁰⁰! Ι i

Ι
⁸ lA 263 lb. lead used instead of a 32 lb. ahot—see description os it, page 193.

 

207

Average rate per minute.

Β

lst500fath. mss 30
2d n u 9 14
3d ‘⁴ 10 37 10 37

ae·
m. s.
6 08
9 13

04th“ ‘⁸ 12 6 1116

